 TIME KPER KSTP NULL GW-DEMAND GW-PUMPED NULL
    0.1000000000E+01         1         1         0    0.0000000000E+00    0.0000000000E+00    0.0000000000E+00
    0.2000000000E+01         1         2         0    0.0000000000E+00    0.0000000000E+00    0.0000000000E+00
    0.3000000000E+01         1         3         0    0.0000000000E+00    0.0000000000E+00    0.0000000000E+00
    0.4000000000E+01         1         4         0    0.0000000000E+00    0.0000000000E+00    0.0000000000E+00
    0.5000000000E+01         1         5         0    0.0000000000E+00    0.0000000000E+00    0.0000000000E+00
    0.6000000000E+01         1         6         0    0.0000000000E+00    0.0000000000E+00    0.0000000000E+00
    0.7000000000E+01         1         7         0    0.0000000000E+00    0.0000000000E+00    0.0000000000E+00
    0.8000000000E+01         1         8         0    0.0000000000E+00    0.0000000000E+00    0.0000000000E+00
    0.9000000000E+01         1         9         0    0.0000000000E+00    0.0000000000E+00    0.0000000000E+00
    0.1000000000E+02         1        10         0    0.0000000000E+00    0.0000000000E+00    0.0000000000E+00
    0.1100000000E+02         1        11         0    0.0000000000E+00    0.0000000000E+00    0.0000000000E+00
    0.1200000000E+02         1        12         0    0.0000000000E+00    0.0000000000E+00    0.0000000000E+00
    0.1300000000E+02         1        13         0    0.0000000000E+00    0.0000000000E+00    0.0000000000E+00
    0.1400000000E+02         1        14         0    0.0000000000E+00    0.0000000000E+00    0.0000000000E+00
    0.1500000000E+02         1        15         0    0.0000000000E+00    0.0000000000E+00    0.0000000000E+00
    0.1600000000E+02         1        16         0    0.0000000000E+00    0.0000000000E+00    0.0000000000E+00
    0.1700000000E+02         1        17         0    0.0000000000E+00    0.0000000000E+00    0.0000000000E+00
    0.1800000000E+02         1        18         0    0.0000000000E+00    0.0000000000E+00    0.0000000000E+00
    0.1900000000E+02         1        19         0    0.0000000000E+00    0.0000000000E+00    0.0000000000E+00
    0.2000000000E+02         1        20         0    0.0000000000E+00    0.0000000000E+00    0.0000000000E+00
    0.2100000000E+02         1        21         0    0.0000000000E+00    0.0000000000E+00    0.0000000000E+00
    0.2200000000E+02         1        22         0    0.0000000000E+00    0.0000000000E+00    0.0000000000E+00
    0.2300000000E+02         1        23         0    0.0000000000E+00    0.0000000000E+00    0.0000000000E+00
    0.2400000000E+02         1        24         0    0.0000000000E+00    0.0000000000E+00    0.0000000000E+00
    0.2500000000E+02         1        25         0    0.0000000000E+00    0.0000000000E+00    0.0000000000E+00
    0.2600000000E+02         1        26         0    0.0000000000E+00    0.0000000000E+00    0.0000000000E+00
    0.2700000000E+02         1        27         0    0.0000000000E+00    0.0000000000E+00    0.0000000000E+00
    0.2800000000E+02         1        28         0    0.0000000000E+00    0.0000000000E+00    0.0000000000E+00
    0.2900000000E+02         1        29         0    0.0000000000E+00    0.0000000000E+00    0.0000000000E+00
    0.3000000000E+02         1        30         0    0.0000000000E+00    0.0000000000E+00    0.0000000000E+00
    0.3100000000E+02         1        31         0    0.0000000000E+00    0.0000000000E+00    0.0000000000E+00
    0.3200000000E+02         2         1         0    0.0000000000E+00    0.0000000000E+00    0.0000000000E+00
    0.3300000000E+02         2         2         0    0.0000000000E+00    0.0000000000E+00    0.0000000000E+00
    0.3400000000E+02         2         3         0    0.0000000000E+00    0.0000000000E+00    0.0000000000E+00
    0.3500000000E+02         2         4         0    0.0000000000E+00    0.0000000000E+00    0.0000000000E+00
    0.3600000000E+02         2         5         0    0.0000000000E+00    0.0000000000E+00    0.0000000000E+00
    0.3700000000E+02         2         6         0    0.0000000000E+00    0.0000000000E+00    0.0000000000E+00
    0.3800000000E+02         2         7         0    0.0000000000E+00    0.0000000000E+00    0.0000000000E+00
    0.3900000000E+02         2         8         0    0.0000000000E+00    0.0000000000E+00    0.0000000000E+00
    0.4000000000E+02         2         9         0    0.0000000000E+00    0.0000000000E+00    0.0000000000E+00
    0.4100000000E+02         2        10         0    0.0000000000E+00    0.0000000000E+00    0.0000000000E+00
    0.4200000000E+02         2        11         0    0.0000000000E+00    0.0000000000E+00    0.0000000000E+00
    0.4300000000E+02         2        12         0    0.0000000000E+00    0.0000000000E+00    0.0000000000E+00
    0.4400000000E+02         2        13         0    0.0000000000E+00    0.0000000000E+00    0.0000000000E+00
    0.4500000000E+02         2        14         0    0.0000000000E+00    0.0000000000E+00    0.0000000000E+00
    0.4600000000E+02         2        15         0    0.0000000000E+00    0.0000000000E+00    0.0000000000E+00
    0.4700000000E+02         2        16         0    0.0000000000E+00    0.0000000000E+00    0.0000000000E+00
    0.4800000000E+02         2        17         0    0.0000000000E+00    0.0000000000E+00    0.0000000000E+00
    0.4900000000E+02         2        18         0    0.0000000000E+00    0.0000000000E+00    0.0000000000E+00
    0.5000000000E+02         2        19         0    0.0000000000E+00    0.0000000000E+00    0.0000000000E+00
    0.5100000000E+02         2        20         0    0.0000000000E+00    0.0000000000E+00    0.0000000000E+00
    0.5200000000E+02         2        21         0    0.0000000000E+00    0.0000000000E+00    0.0000000000E+00
    0.5300000000E+02         2        22         0    0.0000000000E+00    0.0000000000E+00    0.0000000000E+00
    0.5400000000E+02         2        23         0    0.0000000000E+00    0.0000000000E+00    0.0000000000E+00
    0.5500000000E+02         2        24         0    0.0000000000E+00    0.0000000000E+00    0.0000000000E+00
    0.5600000000E+02         2        25         0    0.0000000000E+00    0.0000000000E+00    0.0000000000E+00
    0.5700000000E+02         2        26         0    0.0000000000E+00    0.0000000000E+00    0.0000000000E+00
    0.5800000000E+02         2        27         0    0.0000000000E+00    0.0000000000E+00    0.0000000000E+00
    0.5900000000E+02         2        28         0    0.0000000000E+00    0.0000000000E+00    0.0000000000E+00
    0.6000000000E+02         2        29         0    0.0000000000E+00    0.0000000000E+00    0.0000000000E+00
    0.6100000000E+02         2        30         0    0.0000000000E+00    0.0000000000E+00    0.0000000000E+00
    0.6200000000E+02         3         1         0    0.0000000000E+00    0.0000000000E+00    0.0000000000E+00
    0.6300000000E+02         3         2         0    0.0000000000E+00    0.0000000000E+00    0.0000000000E+00
    0.6400000000E+02         3         3         0    0.0000000000E+00    0.0000000000E+00    0.0000000000E+00
    0.6500000000E+02         3         4         0    0.0000000000E+00    0.0000000000E+00    0.0000000000E+00
    0.6600000000E+02         3         5         0    0.0000000000E+00    0.0000000000E+00    0.0000000000E+00
    0.6700000000E+02         3         6         0    0.0000000000E+00    0.0000000000E+00    0.0000000000E+00
    0.6800000000E+02         3         7         0    0.0000000000E+00    0.0000000000E+00    0.0000000000E+00
    0.6900000000E+02         3         8         0    0.0000000000E+00    0.0000000000E+00    0.0000000000E+00
    0.7000000000E+02         3         9         0    0.0000000000E+00    0.0000000000E+00    0.0000000000E+00
    0.7100000000E+02         3        10         0    0.0000000000E+00    0.0000000000E+00    0.0000000000E+00
    0.7200000000E+02         3        11         0    0.0000000000E+00    0.0000000000E+00    0.0000000000E+00
    0.7300000000E+02         3        12         0    0.0000000000E+00    0.0000000000E+00    0.0000000000E+00
    0.7400000000E+02         3        13         0    0.0000000000E+00    0.0000000000E+00    0.0000000000E+00
    0.7500000000E+02         3        14         0    0.0000000000E+00    0.0000000000E+00    0.0000000000E+00
    0.7600000000E+02         3        15         0    0.0000000000E+00    0.0000000000E+00    0.0000000000E+00
    0.7700000000E+02         3        16         0    0.0000000000E+00    0.0000000000E+00    0.0000000000E+00
    0.7800000000E+02         3        17         0    0.0000000000E+00    0.0000000000E+00    0.0000000000E+00
    0.7900000000E+02         3        18         0    0.0000000000E+00    0.0000000000E+00    0.0000000000E+00
    0.8000000000E+02         3        19         0    0.0000000000E+00    0.0000000000E+00    0.0000000000E+00
    0.8100000000E+02         3        20         0    0.0000000000E+00    0.0000000000E+00    0.0000000000E+00
    0.8200000000E+02         3        21         0    0.0000000000E+00    0.0000000000E+00    0.0000000000E+00
    0.8300000000E+02         3        22         0    0.0000000000E+00    0.0000000000E+00    0.0000000000E+00
    0.8400000000E+02         3        23         0    0.0000000000E+00    0.0000000000E+00    0.0000000000E+00
    0.8500000000E+02         3        24         0    0.0000000000E+00    0.0000000000E+00    0.0000000000E+00
    0.8600000000E+02         3        25         0    0.0000000000E+00    0.0000000000E+00    0.0000000000E+00
    0.8700000000E+02         3        26         0    0.0000000000E+00    0.0000000000E+00    0.0000000000E+00
    0.8800000000E+02         3        27         0    0.0000000000E+00    0.0000000000E+00    0.0000000000E+00
    0.8900000000E+02         3        28         0    0.0000000000E+00    0.0000000000E+00    0.0000000000E+00
    0.9000000000E+02         3        29         0    0.0000000000E+00    0.0000000000E+00    0.0000000000E+00
    0.9100000000E+02         3        30         0    0.0000000000E+00    0.0000000000E+00    0.0000000000E+00
    0.9200000000E+02         3        31         0    0.0000000000E+00    0.0000000000E+00    0.0000000000E+00
    0.9300000000E+02         4         1         0    0.4053130089E+04    0.4053130089E+04    0.0000000000E+00
    0.9400000000E+02         4         2         0    0.4276960556E+04    0.4276960556E+04    0.0000000000E+00
    0.9500000000E+02         4         3         0    0.3486807449E+04    0.3486807449E+04    0.0000000000E+00
    0.9600000000E+02         4         4         0    0.6825281296E+03    0.6825281296E+03    0.0000000000E+00
    0.9700000000E+02         4         5         0    0.5551741219E+03    0.5551741219E+03    0.0000000000E+00
    0.9800000000E+02         4         6         0    0.5364107056E+03    0.5364107056E+03    0.0000000000E+00
    0.9900000000E+02         4         7         0    0.5404731445E+03    0.5404731445E+03    0.0000000000E+00
    0.1000000000E+03         4         8         0    0.5052069092E+03    0.5052069092E+03    0.0000000000E+00
    0.1010000000E+03         4         9         0    0.3534476013E+03    0.3534476013E+03    0.0000000000E+00
    0.1020000000E+03         4        10         0    0.4557200928E+03    0.4557200928E+03    0.0000000000E+00
    0.1030000000E+03         4        11         0    0.4979565735E+03    0.4979565735E+03    0.0000000000E+00
    0.1040000000E+03         4        12         0    0.2930283142E+04    0.2930283142E+04    0.0000000000E+00
    0.1050000000E+03         4        13         0    0.1000000461E+11    0.4517348755E+04    0.0000000000E+00
    0.1060000000E+03         4        14         0    0.4869985741E+04    0.4565531674E+04    0.0000000000E+00
    0.1070000000E+03         4        15         0    0.4318111328E+04    0.4047822384E+04    0.0000000000E+00
    0.1080000000E+03         4        16         0    0.1000000463E+11    0.4321518967E+04    0.0000000000E+00
    0.1090000000E+03         4        17         0    0.1000000459E+11    0.4000374293E+04    0.0000000000E+00
    0.1100000000E+03         4        18         0    0.4252442802E+04    0.3260407042E+04    0.0000000000E+00
    0.1110000000E+03         4        19         0    0.3885308678E+04    0.2005653698E+04    0.0000000000E+00
    0.1120000000E+03         4        20         0    0.4232415001E+04    0.1642084145E+04    0.0000000000E+00
    0.1130000000E+03         4        21         0    0.5932979309E+04    0.2136816895E+04    0.0000000000E+00
    0.1140000000E+03         4        22         0    0.1000000576E+11    0.1955153183E+04    0.0000000000E+00
    0.1150000000E+03         4        23         0    0.1000000681E+11    0.3382143585E+04    0.0000000000E+00
    0.1160000000E+03         4        24         0    0.7138376282E+04    0.9065784897E+03    0.0000000000E+00
    0.1170000000E+03         4        25         0    0.7276207779E+04    0.2486386623E+03    0.0000000000E+00
    0.1180000000E+03         4        26         0    0.1161526313E+11    0.1548688812E+03    0.0000000000E+00
    0.1190000000E+03         4        27         0    0.3819111534E+04    0.5958020248E+03    0.0000000000E+00
    0.1200000000E+03         4        28         0    0.2283858513E+04    0.5434162521E+02    0.0000000000E+00
    0.1210000000E+03         4        29         0    0.2245801823E+04    0.5514681625E+02    0.0000000000E+00
    0.1220000000E+03         4        30         0    0.2568417824E+04    0.6570433044E+02    0.0000000000E+00
    0.1230000000E+03         4        31         0    0.3038032837E+03    0.0000000000E+00    0.0000000000E+00
    0.1240000000E+03         5         1         0    0.4407534485E+03    0.0000000000E+00    0.0000000000E+00
    0.1250000000E+03         5         2         0    0.4782932129E+03    0.0000000000E+00    0.0000000000E+00
    0.1260000000E+03         5         3         0    0.1000000000E+11    0.0000000000E+00    0.0000000000E+00
    0.1270000000E+03         5         4         0    0.4560853271E+03    0.0000000000E+00    0.0000000000E+00
    0.1280000000E+03         5         5         0    0.3730200806E+03    0.0000000000E+00    0.0000000000E+00
    0.1290000000E+03         5         6         0    0.3115237427E+03    0.0000000000E+00    0.0000000000E+00
    0.1300000000E+03         5         7         0    0.4996016541E+03    0.0000000000E+00    0.0000000000E+00
    0.1310000000E+03         5         8         0    0.5937329102E+03    0.0000000000E+00    0.0000000000E+00
    0.1320000000E+03         5         9         0    0.5424859619E+03    0.0000000000E+00    0.0000000000E+00
    0.1330000000E+03         5        10         0    0.1000000000E+11    0.0000000000E+00    0.0000000000E+00
    0.1340000000E+03         5        11         0    0.3000000019E+11    0.0000000000E+00    0.0000000000E+00
    0.1350000000E+03         5        12         0    0.0000000000E+00    0.0000000000E+00    0.0000000000E+00
    0.1360000000E+03         5        13         0    0.0000000000E+00    0.0000000000E+00    0.0000000000E+00
    0.1370000000E+03         5        14         0    0.1000000250E+11    0.0000000000E+00    0.0000000000E+00
    0.1380000000E+03         5        15         0    0.4822160843E+04    0.0000000000E+00    0.0000000000E+00
    0.1390000000E+03         5        16         0    0.1000000434E+11    0.0000000000E+00    0.0000000000E+00
    0.1400000000E+03         5        17         0    0.4130450455E+04    0.0000000000E+00    0.0000000000E+00
    0.1410000000E+03         5        18         0    0.1000000112E+11    0.0000000000E+00    0.0000000000E+00
    0.1420000000E+03         5        19         0    0.0000000000E+00    0.0000000000E+00    0.0000000000E+00
    0.1430000000E+03         5        20         0    0.0000000000E+00    0.0000000000E+00    0.0000000000E+00
    0.1440000000E+03         5        21         0    0.1000000106E+11    0.0000000000E+00    0.0000000000E+00
    0.1450000000E+03         5        22         0    0.2000000518E+11    0.0000000000E+00    0.0000000000E+00
    0.1460000000E+03         5        23         0    0.6537546417E+04    0.0000000000E+00    0.0000000000E+00
    0.1470000000E+03         5        24         0    0.1000000675E+11    0.0000000000E+00    0.0000000000E+00
    0.1480000000E+03         5        25         0    0.3000000614E+11    0.0000000000E+00    0.0000000000E+00
    0.1490000000E+03         5        26         0    0.3000000556E+11    0.0000000000E+00    0.0000000000E+00
    0.1500000000E+03         5        27         0    0.4000000618E+11    0.0000000000E+00    0.0000000000E+00
    0.1510000000E+03         5        28         0    0.1000001086E+11    0.0000000000E+00    0.0000000000E+00
    0.1520000000E+03         6         1         0    0.3000000224E+11    0.0000000000E+00    0.0000000000E+00
    0.1530000000E+03         6         2         0    0.2000000015E+11    0.0000000000E+00    0.0000000000E+00
    0.1540000000E+03         6         3         0    0.1000000664E+11    0.0000000000E+00    0.0000000000E+00
    0.1550000000E+03         6         4         0    0.1000000870E+11    0.0000000000E+00    0.0000000000E+00
    0.1560000000E+03         6         5         0    0.1056769127E+04    0.0000000000E+00    0.0000000000E+00
    0.1570000000E+03         6         6         0    0.1000000000E+11    0.0000000000E+00    0.0000000000E+00
    0.1580000000E+03         6         7         0    0.1810077343E+03    0.0000000000E+00    0.0000000000E+00
    0.1590000000E+03         6         8         0    0.1000000015E+11    0.0000000000E+00    0.0000000000E+00
    0.1600000000E+03         6         9         0    0.4000000045E+11    0.0000000000E+00    0.0000000000E+00
    0.1610000000E+03         6        10         0    0.0000000000E+00    0.0000000000E+00    0.0000000000E+00
    0.1620000000E+03         6        11         0    0.2000000651E+11    0.0000000000E+00    0.0000000000E+00
    0.1630000000E+03         6        12         0    0.3000000570E+11    0.0000000000E+00    0.0000000000E+00
    0.1640000000E+03         6        13         0    0.1000000006E+11    0.0000000000E+00    0.0000000000E+00
    0.1650000000E+03         6        14         0    0.6528735352E+03    0.0000000000E+00    0.0000000000E+00
    0.1660000000E+03         6        15         0    0.1000000000E+11    0.0000000000E+00    0.0000000000E+00
    0.1670000000E+03         6        16         0    0.5421130371E+03    0.0000000000E+00    0.0000000000E+00
    0.1680000000E+03         6        17         0    0.0000000000E+00    0.0000000000E+00    0.0000000000E+00
    0.1690000000E+03         6        18         0    0.0000000000E+00    0.0000000000E+00    0.0000000000E+00
    0.1700000000E+03         6        19         0    0.4150757675E+03    0.0000000000E+00    0.0000000000E+00
    0.1710000000E+03         6        20         0    0.4000000265E+11    0.0000000000E+00    0.0000000000E+00
    0.1720000000E+03         6        21         0    0.0000000000E+00    0.0000000000E+00    0.0000000000E+00
    0.1730000000E+03         6        22         0    0.0000000000E+00    0.0000000000E+00    0.0000000000E+00
    0.1740000000E+03         6        23         0    0.1000000002E+11    0.0000000000E+00    0.0000000000E+00
    0.1750000000E+03         6        24         0    0.0000000000E+00    0.0000000000E+00    0.0000000000E+00
    0.1760000000E+03         6        25         0    0.2817973404E+03    0.0000000000E+00    0.0000000000E+00
    0.1770000000E+03         6        26         0    0.2000000641E+11    0.0000000000E+00    0.0000000000E+00
    0.1780000000E+03         6        27         0    0.2000000774E+11    0.0000000000E+00    0.0000000000E+00
    0.1790000000E+03         6        28         0    0.2000000810E+11    0.0000000000E+00    0.0000000000E+00
    0.1800000000E+03         6        29         0    0.1000001210E+11    0.0000000000E+00    0.0000000000E+00
    0.1810000000E+03         6        30         0    0.2000001145E+11    0.0000000000E+00    0.0000000000E+00
    0.1820000000E+03         6        31         0    0.2000001334E+11    0.0000000000E+00    0.0000000000E+00
    0.1830000000E+03         7         1         0    0.6000000554E+11    0.0000000000E+00    0.0000000000E+00
    0.1840000000E+03         7         2         0    0.1128654678E+05    0.0000000000E+00    0.0000000000E+00
    0.1850000000E+03         7         3         0    0.2000000250E+11    0.0000000000E+00    0.0000000000E+00
    0.1860000000E+03         7         4         0    0.1000000000E+11    0.0000000000E+00    0.0000000000E+00
    0.1870000000E+03         7         5         0    0.3130161133E+03    0.0000000000E+00    0.0000000000E+00
    0.1880000000E+03         7         6         0    0.1000000000E+11    0.0000000000E+00    0.0000000000E+00
    0.1890000000E+03         7         7         0    0.6015505371E+03    0.0000000000E+00    0.0000000000E+00
    0.1900000000E+03         7         8         0    0.6266182251E+03    0.0000000000E+00    0.0000000000E+00
    0.1910000000E+03         7         9         0    0.3000000267E+11    0.0000000000E+00    0.0000000000E+00
    0.1920000000E+03         7        10         0    0.4000000649E+11    0.0000000000E+00    0.0000000000E+00
    0.1930000000E+03         7        11         0    0.1000001326E+11    0.0000000000E+00    0.0000000000E+00
    0.1940000000E+03         7        12         0    0.4000001383E+11    0.0000000000E+00    0.0000000000E+00
    0.1950000000E+03         7        13         0    0.4000001030E+11    0.0000000000E+00    0.0000000000E+00
    0.1960000000E+03         7        14         0    0.4000000841E+11    0.0000000000E+00    0.0000000000E+00
    0.1970000000E+03         7        15         0    0.2000000737E+11    0.0000000000E+00    0.0000000000E+00
    0.1980000000E+03         7        16         0    0.3000000077E+11    0.0000000000E+00    0.0000000000E+00
    0.1990000000E+03         7        17         0    0.3000000772E+11    0.0000000000E+00    0.0000000000E+00
    0.2000000000E+03         7        18         0    0.2000001099E+11    0.0000000000E+00    0.0000000000E+00
    0.2010000000E+03         7        19         0    0.3000001360E+11    0.0000000000E+00    0.0000000000E+00
    0.2020000000E+03         7        20         0    0.4000002089E+11    0.0000000000E+00    0.0000000000E+00
    0.2030000000E+03         7        21         0    0.5000002248E+11    0.0000000000E+00    0.0000000000E+00
    0.2040000000E+03         7        22         0    0.3000002090E+11    0.0000000000E+00    0.0000000000E+00
    0.2050000000E+03         7        23         0    0.2000000944E+11    0.0000000000E+00    0.0000000000E+00
    0.2060000000E+03         7        24         0    0.4158219772E+04    0.0000000000E+00    0.0000000000E+00
    0.2070000000E+03         7        25         0    0.2000000295E+11    0.0000000000E+00    0.0000000000E+00
    0.2080000000E+03         7        26         0    0.1000001143E+11    0.0000000000E+00    0.0000000000E+00
    0.2090000000E+03         7        27         0    0.3000001673E+11    0.0000000000E+00    0.0000000000E+00
    0.2100000000E+03         7        28         0    0.3000002464E+11    0.0000000000E+00    0.0000000000E+00
    0.2110000000E+03         7        29         0    0.5000002558E+11    0.0000000000E+00    0.0000000000E+00
    0.2120000000E+03         7        30         0    0.1000004481E+11    0.0000000000E+00    0.0000000000E+00
    0.2130000000E+03         8         1         0    0.8083525956E+11    0.1000000169E+11    0.0000000000E+00
    0.2140000000E+03         8         2         0    0.1017346589E+12    0.4903157837E+04    0.0000000000E+00
    0.2150000000E+03         8         3         0    0.1200038585E+12    0.1419353359E+07    0.0000000000E+00
    0.2160000000E+03         8         4         0    0.9000007009E+11    0.2149849701E+03    0.0000000000E+00
    0.2170000000E+03         8         5         0    0.1213704011E+12    0.2374021625E+07    0.0000000000E+00
    0.2180000000E+03         8         6         0    0.1400000821E+12    0.0000000000E+00    0.0000000000E+00
    0.2190000000E+03         8         7         0    0.1554665323E+12    0.6540952634E+05    0.0000000000E+00
    0.2200000000E+03         8         8         0    0.1108088658E+12    0.1875025438E+07    0.0000000000E+00
    0.2210000000E+03         8         9         0    0.8000013026E+11    0.1569230519E+03    0.0000000000E+00
    0.2220000000E+03         8        10         0    0.6081844097E+11    0.1282862936E+07    0.0000000000E+00
    0.2230000000E+03         8        11         0    0.1280701949E+12    0.2371240312E+06    0.0000000000E+00
    0.2240000000E+03         8        12         0    0.1511762479E+12    0.1276277375E+07    0.0000000000E+00
    0.2250000000E+03         8        13         0    0.1669070924E+12    0.2074817656E+06    0.0000000000E+00
    0.2260000000E+03         8        14         0    0.1103437869E+12    0.1236879375E+07    0.0000000000E+00
    0.2270000000E+03         8        15         0    0.1600001305E+12    0.1731290283E+03    0.0000000000E+00
    0.2280000000E+03         8        16         0    0.1525793620E+12    0.1000019007E+11    0.0000000000E+00
    0.2290000000E+03         8        17         0    0.1300074617E+12    0.5683505249E+03    0.0000000000E+00
    0.2300000000E+03         8        18         0    0.1538221505E+12    0.1987203141E+07    0.0000000000E+00
    0.2310000000E+03         8        19         0    0.1000009512E+12    0.0000000000E+00    0.0000000000E+00
    0.2320000000E+03         8        20         0    0.1000002426E+12    0.1277372149E+06    0.0000000000E+00
    0.2330000000E+03         8        21         0    0.1103248243E+12    0.1621291875E+07    0.0000000000E+00
    0.2340000000E+03         8        22         0    0.9389597933E+11    0.1260509219E+06    0.0000000000E+00
    0.2350000000E+03         8        23         0    0.1200002641E+12    0.1800393939E+01    0.0000000000E+00
    0.2360000000E+03         8        24         0    0.9000037198E+11    0.2763488111E+03    0.0000000000E+00
    0.2370000000E+03         8        25         0    0.1335351031E+12    0.1858209845E+06    0.0000000000E+00
    0.2380000000E+03         8        26         0    0.1500003004E+12    0.1938628387E+02    0.0000000000E+00
    0.2390000000E+03         8        27         0    0.1500003218E+12    0.3010016251E+03    0.0000000000E+00
    0.2400000000E+03         8        28         0    0.1593132621E+12    0.1871743946E+06    0.0000000000E+00
    0.2410000000E+03         8        29         0    0.1300005073E+12    0.1125176849E+03    0.0000000000E+00
    0.2420000000E+03         8        30         0    0.1500089588E+12    0.4068542779E+06    0.0000000000E+00
    0.2430000000E+03         8        31         0    0.9000041021E+11    0.2667584839E+04    0.0000000000E+00
    0.2440000000E+03         9         1         0    0.1200003089E+12    0.1438365880E+04    0.0000000000E+00
    0.2450000000E+03         9         2         0    0.7139412991E+11    0.1210921433E+07    0.0000000000E+00
    0.2460000000E+03         9         3         0    0.9470065199E+11    0.7634020625E+06    0.0000000000E+00
    0.2470000000E+03         9         4         0    0.5233122760E+11    0.9287113750E+06    0.0000000000E+00
    0.2480000000E+03         9         5         0    0.6147871639E+11    0.6208481694E+06    0.0000000000E+00
    0.2490000000E+03         9         6         0    0.7278594984E+11    0.1053003989E+07    0.0000000000E+00
    0.2500000000E+03         9         7         0    0.1100003593E+12    0.2425422847E+06    0.0000000000E+00
    0.2510000000E+03         9         8         0    0.9147818584E+11    0.1731987000E+07    0.0000000000E+00
    0.2520000000E+03         9         9         0    0.1100005324E+12    0.1280520938E+06    0.0000000000E+00
    0.2530000000E+03         9        10         0    0.7138138617E+11    0.1207995262E+07    0.0000000000E+00
    0.2540000000E+03         9        11         0    0.6097455149E+11    0.3892441296E+09    0.0000000000E+00
    0.2550000000E+03         9        12         0    0.4041795368E+11    0.1168221625E+07    0.0000000000E+00
    0.2560000000E+03         9        13         0    0.7000052499E+11    0.3858827455E+03    0.0000000000E+00
    0.2570000000E+03         9        14         0    0.1000004741E+12    0.1871264161E+06    0.0000000000E+00
    0.2580000000E+03         9        15         0    0.1005623698E+12    0.2370220411E+08    0.0000000000E+00
    0.2590000000E+03         9        16         0    0.7543500238E+11    0.1282415690E+06    0.0000000000E+00
    0.2600000000E+03         9        17         0    0.6000043338E+11    0.1169855854E+04    0.0000000000E+00
    0.2610000000E+03         9        18         0    0.4076804251E+11    0.2738725352E+07    0.0000000000E+00
    0.2620000000E+03         9        19         0    0.5000042312E+11    0.0000000000E+00    0.0000000000E+00
    0.2630000000E+03         9        20         0    0.1049489180E+11    0.2773473320E+07    0.0000000000E+00
    0.2640000000E+03         9        21         0    0.5169025924E+11    0.1500815211E+07    0.0000000000E+00
    0.2650000000E+03         9        22         0    0.3000051913E+11    0.8576636734E+03    0.0000000000E+00
    0.2660000000E+03         9        23         0    0.4577983195E+11    0.2664209493E+06    0.0000000000E+00
    0.2670000000E+03         9        24         0    0.4013145006E+11    0.1373523960E+06    0.0000000000E+00
    0.2680000000E+03         9        25         0    0.2000046662E+11    0.8355027771E+03    0.0000000000E+00
    0.2690000000E+03         9        26         0    0.6094860976E+11    0.1887131435E+07    0.0000000000E+00
    0.2700000000E+03         9        27         0    0.9000055246E+11    0.2420880240E+06    0.0000000000E+00
    0.2710000000E+03         9        28         0    0.8145871219E+11    0.3307143721E+06    0.0000000000E+00
    0.2720000000E+03         9        29         0    0.6000064054E+11    0.1386229871E+05    0.0000000000E+00
    0.2730000000E+03         9        30         0    0.5412570536E+11    0.2054240356E+07    0.0000000000E+00
    0.2740000000E+03        10         1         0    0.5000167130E+11    0.2299711182E+06    0.0000000000E+00
    0.2750000000E+03        10         2         0    0.8000038874E+11    0.6697285825E+03    0.0000000000E+00
    0.2760000000E+03        10         3         0    0.7438431184E+11    0.1274573723E+06    0.0000000000E+00
    0.2770000000E+03        10         4         0    0.5077169480E+11    0.2822788062E+07    0.0000000000E+00
    0.2780000000E+03        10         5         0    0.3000047272E+11    0.2971790161E+03    0.0000000000E+00
    0.2790000000E+03        10         6         0    0.8582405982E+11    0.6975670080E+08    0.0000000000E+00
    0.2800000000E+03        10         7         0    0.5000058569E+11    0.0000000000E+00    0.0000000000E+00
    0.2810000000E+03        10         8         0    0.9000052166E+11    0.1353088379E+04    0.0000000000E+00
    0.2820000000E+03        10         9         0    0.8041660795E+11    0.1754538083E+07    0.0000000000E+00
    0.2830000000E+03        10        10         0    0.2000062357E+11    0.2384171600E+08    0.0000000000E+00
    0.2840000000E+03        10        11         0    0.4000059982E+11    0.1278711334E+04    0.0000000000E+00
    0.2850000000E+03        10        12         0    0.1000005542E+12    0.1712867737E+04    0.0000000000E+00
    0.2860000000E+03        10        13         0    0.5202256810E+11    0.1098512281E+07    0.0000000000E+00
    0.2870000000E+03        10        14         0    0.4000054249E+11    0.0000000000E+00    0.0000000000E+00
    0.2880000000E+03        10        15         0    0.5000041534E+11    0.1638462448E+03    0.0000000000E+00
    0.2890000000E+03        10        16         0    0.7347701369E+11    0.1850807374E+06    0.0000000000E+00
    0.2900000000E+03        10        17         0    0.7164508357E+11    0.1504047375E+07    0.0000000000E+00
    0.2910000000E+03        10        18         0    0.7734851028E+11    0.1285929062E+06    0.0000000000E+00
    0.2920000000E+03        10        19         0    0.7043075339E+11    0.9599035000E+06    0.0000000000E+00
    0.2930000000E+03        10        20         0    0.6000065475E+11    0.1279702344E+06    0.0000000000E+00
    0.2940000000E+03        10        21         0    0.3000063370E+11    0.9035784912E+03    0.0000000000E+00
    0.2950000000E+03        10        22         0    0.8000060806E+11    0.1320463647E+06    0.0000000000E+00
    0.2960000000E+03        10        23         0    0.6763848318E+11    0.1737834524E+07    0.0000000000E+00
    0.2970000000E+03        10        24         0    0.5777773692E+11    0.1277783360E+06    0.0000000000E+00
    0.2980000000E+03        10        25         0    0.1000007124E+12    0.1974086025E+04    0.0000000000E+00
    0.2990000000E+03        10        26         0    0.5000081158E+11    0.2477570312E+04    0.0000000000E+00
    0.3000000000E+03        10        27         0    0.1000006280E+12    0.1807700220E+07    0.0000000000E+00
    0.3010000000E+03        10        28         0    0.4000058112E+11    0.9915214081E+03    0.0000000000E+00
    0.3020000000E+03        10        29         0    0.5066926797E+11    0.9480043183E+06    0.0000000000E+00
    0.3030000000E+03        10        30         0    0.5000064828E+11    0.3254785428E+06    0.0000000000E+00
    0.3040000000E+03        10        31         0    0.5000069353E+11    0.9242774849E+03    0.0000000000E+00
    0.3050000000E+03        11         1         0    0.6533498200E+11    0.1295540177E+06    0.0000000000E+00
    0.3060000000E+03        11         2         0    0.5000070893E+11    0.7882061791E+03    0.0000000000E+00
    0.3070000000E+03        11         3         0    0.5736133687E+11    0.1858781228E+07    0.0000000000E+00
    0.3080000000E+03        11         4         0    0.5000060214E+11    0.5246993408E+03    0.0000000000E+00
    0.3090000000E+03        11         5         0    0.6051287595E+11    0.7363267724E+06    0.0000000000E+00
    0.3100000000E+03        11         6         0    0.3000058796E+11    0.8924240723E+03    0.0000000000E+00
    0.3110000000E+03        11         7         0    0.8603436586E+11    0.1133553562E+07    0.0000000000E+00
    0.3120000000E+03        11         8         0    0.3000070573E+11    0.0000000000E+00    0.0000000000E+00
    0.3130000000E+03        11         9         0    0.8000058661E+11    0.7225593567E+03    0.0000000000E+00
    0.3140000000E+03        11        10         0    0.4129726150E+11    0.1198182059E+07    0.0000000000E+00
    0.3150000000E+03        11        11         0    0.5000049930E+11    0.6089111938E+03    0.0000000000E+00
    0.3160000000E+03        11        12         0    0.2015581395E+11    0.1164713832E+07    0.0000000000E+00
    0.3170000000E+03        11        13         0    0.3286567652E+11    0.3295554062E+06    0.0000000000E+00
    0.3180000000E+03        11        14         0    0.4000038124E+11    0.1923553461E+05    0.0000000000E+00
    0.3190000000E+03        11        15         0    0.2000039568E+11    0.5260988312E+03    0.0000000000E+00
    0.3200000000E+03        11        16         0    0.2030370668E+11    0.1804987399E+07    0.0000000000E+00
    0.3210000000E+03        11        17         0    0.3299248833E+11    0.2401971250E+06    0.0000000000E+00
    0.3220000000E+03        11        18         0    0.1000040192E+11    0.1492526093E+03    0.0000000000E+00
    0.3230000000E+03        11        19         0    0.3000045828E+11    0.5150977936E+03    0.0000000000E+00
    0.3240000000E+03        11        20         0    0.6548517213E+11    0.1881397990E+06    0.0000000000E+00
    0.3250000000E+03        11        21         0    0.3000047904E+11    0.4932598877E+03    0.0000000000E+00
    0.3260000000E+03        11        22         0    0.4470233502E+11    0.1292031884E+06    0.0000000000E+00
    0.3270000000E+03        11        23         0    0.4000054622E+11    0.5498603516E+03    0.0000000000E+00
    0.3280000000E+03        11        24         0    0.5021581737E+11    0.2185478255E+07    0.0000000000E+00
    0.3290000000E+03        11        25         0    0.5348805598E+11    0.1861579531E+06    0.0000000000E+00
    0.3300000000E+03        11        26         0    0.5000041091E+11    0.3967103882E+03    0.0000000000E+00
    0.3310000000E+03        11        27         0    0.1000014505E+11    0.2038086777E+03    0.0000000000E+00
    0.3320000000E+03        11        28         0    0.2251387458E+11    0.1989503422E+07    0.0000000000E+00
    0.3330000000E+03        11        29         0    0.2000051068E+11    0.0000000000E+00    0.0000000000E+00
    0.3340000000E+03        11        30         0    0.4074174462E+11    0.1283519186E+07    0.0000000000E+00
    0.3350000000E+03        11        31         0    0.8000048370E+11    0.1882289375E+06    0.0000000000E+00
    0.3360000000E+03        12         1         0    0.3000051834E+11    0.4755739136E+03    0.0000000000E+00
    0.3370000000E+03        12         2         0    0.5748090493E+11    0.1294828245E+06    0.0000000000E+00
    0.3380000000E+03        12         3         0    0.3044127336E+11    0.1826467750E+07    0.0000000000E+00
    0.3390000000E+03        12         4         0    0.3000064719E+11    0.2741472473E+03    0.0000000000E+00
    0.3400000000E+03        12         5         0    0.5456306664E+11    0.1463487109E+07    0.0000000000E+00
    0.3410000000E+03        12         6         0    0.1000054796E+11    0.0000000000E+00    0.0000000000E+00
    0.3420000000E+03        12         7         0    0.2025088724E+11    0.1247238565E+07    0.0000000000E+00
    0.3430000000E+03        12         8         0    0.3961100443E+06    0.2807812227E+03    0.0000000000E+00
    0.3440000000E+03        12         9         0    0.1000035529E+11    0.6736820443E+03    0.0000000000E+00
    0.3450000000E+03        12        10         0    0.1021785207E+11    0.1587013628E+07    0.0000000000E+00
    0.3460000000E+03        12        11         0    0.1000034632E+11    0.5999995582E+03    0.0000000000E+00
    0.3470000000E+03        12        12         0    0.1607722077E+10    0.1642272292E+07    0.0000000000E+00
    0.3480000000E+03        12        13         0    0.4000040438E+11    0.9168078192E-02    0.0000000000E+00
    0.3490000000E+03        12        14         0    0.2014800764E+11    0.1243885589E+07    0.0000000000E+00
    0.3500000000E+03        12        15         0    0.3703431051E+11    0.1914234602E+06    0.0000000000E+00
    0.3510000000E+03        12        16         0    0.2000045684E+11    0.4003494461E+03    0.0000000000E+00
    0.3520000000E+03        12        17         0    0.1230917662E+11    0.1732072318E+07    0.0000000000E+00
    0.3530000000E+03        12        18         0    0.4000039701E+11    0.4431601614E-02    0.0000000000E+00
    0.3540000000E+03        12        19         0    0.2021796841E+11    0.1252863814E+07    0.0000000000E+00
    0.3550000000E+03        12        20         0    0.1158477557E+11    0.1873957381E+06    0.0000000000E+00
    0.3560000000E+03        12        21         0    0.2034562482E+11    0.1263497378E+07    0.0000000000E+00
    0.3570000000E+03        12        22         0    0.4820563648E+06    0.1838897353E+03    0.0000000000E+00
    0.3580000000E+03        12        23         0    0.2220251523E+11    0.1890961411E+06    0.0000000000E+00
    0.3590000000E+03        12        24         0    0.3000059442E+11    0.5272275491E+03    0.0000000000E+00
    0.3600000000E+03        12        25         0    0.2000058963E+11    0.7619203481E+03    0.0000000000E+00
    0.3610000000E+03        12        26         0    0.3040039245E+11    0.1983704991E+07    0.0000000000E+00
    0.3620000000E+03        12        27         0    0.1000038363E+11    0.4095184070E+03    0.0000000000E+00
    0.3630000000E+03        12        28         0    0.5322478020E+10    0.1556648251E+07    0.0000000000E+00
    0.3640000000E+03        12        29         0    0.3831452383E+06    0.8930424810E-03    0.0000000000E+00
    0.3650000000E+03        12        30         0    0.4000036420E+11    0.4460351562E+03    0.0000000000E+00
    0.3660000000E+03        13         1         0    0.1089348539E+06    0.0000000000E+00    0.0000000000E+00
    0.3670000000E+03        13         2         0    0.1000011331E+11    0.0000000000E+00    0.0000000000E+00
    0.3680000000E+03        13         3         0    0.1205260435E+06    0.0000000000E+00    0.0000000000E+00
    0.3690000000E+03        13         4         0    0.1357352270E+06    0.0000000000E+00    0.0000000000E+00
    0.3700000000E+03        13         5         0    0.1297802363E+06    0.0000000000E+00    0.0000000000E+00
    0.3710000000E+03        13         6         0    0.1000009840E+11    0.0000000000E+00    0.0000000000E+00
    0.3720000000E+03        13         7         0    0.1000006094E+11    0.0000000000E+00    0.0000000000E+00
    0.3730000000E+03        13         8         0    0.6712809979E+05    0.0000000000E+00    0.0000000000E+00
    0.3740000000E+03        13         9         0    0.2701653404E+05    0.0000000000E+00    0.0000000000E+00
    0.3750000000E+03        13        10         0    0.1000000483E+11    0.0000000000E+00    0.0000000000E+00
    0.3760000000E+03        13        11         0    0.2000000415E+11    0.0000000000E+00    0.0000000000E+00
    0.3770000000E+03        13        12         0    0.2000000325E+11    0.0000000000E+00    0.0000000000E+00
    0.3780000000E+03        13        13         0    0.2000001567E+11    0.0000000000E+00    0.0000000000E+00
    0.3790000000E+03        13        14         0    0.3000002097E+11    0.0000000000E+00    0.0000000000E+00
    0.3800000000E+03        13        15         0    0.3000003084E+11    0.0000000000E+00    0.0000000000E+00
    0.3810000000E+03        13        16         0    0.5000002857E+11    0.0000000000E+00    0.0000000000E+00
    0.3820000000E+03        13        17         0    0.4000003346E+11    0.0000000000E+00    0.0000000000E+00
    0.3830000000E+03        13        18         0    0.4000002809E+11    0.0000000000E+00    0.0000000000E+00
    0.3840000000E+03        13        19         0    0.4000003695E+11    0.0000000000E+00    0.0000000000E+00
    0.3850000000E+03        13        20         0    0.2000004839E+11    0.0000000000E+00    0.0000000000E+00
    0.3860000000E+03        13        21         0    0.5101945370E+05    0.0000000000E+00    0.0000000000E+00
    0.3870000000E+03        13        22         0    0.1000003550E+11    0.0000000000E+00    0.0000000000E+00
    0.3880000000E+03        13        23         0    0.3139187375E+05    0.0000000000E+00    0.0000000000E+00
    0.3890000000E+03        13        24         0    0.3183051523E+05    0.2742836426E+04    0.0000000000E+00
    0.3900000000E+03        13        25         0    0.9340067650E+04    0.0000000000E+00    0.0000000000E+00
    0.3910000000E+03        13        26         0    0.3067603554E+04    0.0000000000E+00    0.0000000000E+00
    0.3920000000E+03        13        27         0    0.3471087147E+04    0.0000000000E+00    0.0000000000E+00
    0.3930000000E+03        13        28         0    0.2000000497E+11    0.0000000000E+00    0.0000000000E+00
    0.3940000000E+03        13        29         0    0.1000000302E+11    0.0000000000E+00    0.0000000000E+00
    0.3950000000E+03        13        30         0    0.3362397102E+04    0.0000000000E+00    0.0000000000E+00
    0.3960000000E+03        13        31         0    0.1000000730E+11    0.0000000000E+00    0.0000000000E+00
    0.3970000000E+03        14         1         0    0.2000000970E+11    0.4843090515E+03    0.0000000000E+00
    0.3980000000E+03        14         2         0    0.2000000937E+11    0.5056561584E+03    0.0000000000E+00
    0.3990000000E+03        14         3         0    0.2000001376E+11    0.0000000000E+00    0.0000000000E+00
    0.4000000000E+03        14         4         0    0.1000001334E+11    0.0000000000E+00    0.0000000000E+00
    0.4010000000E+03        14         5         0    0.1117848152E+05    0.0000000000E+00    0.0000000000E+00
    0.4020000000E+03        14         6         0    0.2000000833E+11    0.0000000000E+00    0.0000000000E+00
    0.4030000000E+03        14         7         0    0.3388129822E+04    0.0000000000E+00    0.0000000000E+00
    0.4040000000E+03        14         8         0    0.5445174278E+04    0.0000000000E+00    0.0000000000E+00
    0.4050000000E+03        14         9         0    0.2291549187E+04    0.0000000000E+00    0.0000000000E+00
    0.4060000000E+03        14        10         0    0.2017303116E+04    0.0000000000E+00    0.0000000000E+00
    0.4070000000E+03        14        11         0    0.2102821640E+04    0.0000000000E+00    0.0000000000E+00
    0.4080000000E+03        14        12         0    0.1000000737E+11    0.0000000000E+00    0.0000000000E+00
    0.4090000000E+03        14        13         0    0.8411411499E+04    0.0000000000E+00    0.0000000000E+00
    0.4100000000E+03        14        14         0    0.8805104736E+04    0.0000000000E+00    0.0000000000E+00
    0.4110000000E+03        14        15         0    0.1984360168E+04    0.0000000000E+00    0.0000000000E+00
    0.4120000000E+03        14        16         0    0.1838667412E+04    0.0000000000E+00    0.0000000000E+00
    0.4130000000E+03        14        17         0    0.1442636925E+04    0.0000000000E+00    0.0000000000E+00
    0.4140000000E+03        14        18         0    0.1139496735E+04    0.0000000000E+00    0.0000000000E+00
    0.4150000000E+03        14        19         0    0.1370134012E+04    0.0000000000E+00    0.0000000000E+00
    0.4160000000E+03        14        20         0    0.1279489204E+04    0.0000000000E+00    0.0000000000E+00
    0.4170000000E+03        14        21         0    0.1277764221E+04    0.0000000000E+00    0.0000000000E+00
    0.4180000000E+03        14        22         0    0.1000000300E+11    0.0000000000E+00    0.0000000000E+00
    0.4190000000E+03        14        23         0    0.1000000614E+11    0.0000000000E+00    0.0000000000E+00
    0.4200000000E+03        14        24         0    0.1000000703E+11    0.0000000000E+00    0.0000000000E+00
    0.4210000000E+03        14        25         0    0.3000000663E+11    0.0000000000E+00    0.0000000000E+00
    0.4220000000E+03        14        26         0    0.1000000773E+11    0.0000000000E+00    0.0000000000E+00
    0.4230000000E+03        14        27         0    0.4375751915E+04    0.0000000000E+00    0.0000000000E+00
    0.4240000000E+03        14        28         0    0.2736432137E+04    0.0000000000E+00    0.0000000000E+00
    0.4250000000E+03        14        29         0    0.2232155838E+04    0.0000000000E+00    0.0000000000E+00
    0.4260000000E+03        14        30         0    0.2731025364E+04    0.0000000000E+00    0.0000000000E+00
    0.4270000000E+03        15         1         0    0.1000000766E+11    0.0000000000E+00    0.0000000000E+00
    0.4280000000E+03        15         2         0    0.8802987595E+04    0.0000000000E+00    0.0000000000E+00
    0.4290000000E+03        15         3         0    0.8515012360E+04    0.0000000000E+00    0.0000000000E+00
    0.4300000000E+03        15         4         0    0.2449947662E+04    0.0000000000E+00    0.0000000000E+00
    0.4310000000E+03        15         5         0    0.1000000037E+11    0.0000000000E+00    0.0000000000E+00
    0.4320000000E+03        15         6         0    0.1175562332E+04    0.0000000000E+00    0.0000000000E+00
    0.4330000000E+03        15         7         0    0.1000000585E+11    0.0000000000E+00    0.0000000000E+00
    0.4340000000E+03        15         8         0    0.7409898651E+04    0.0000000000E+00    0.0000000000E+00
    0.4350000000E+03        15         9         0    0.5648410355E+04    0.0000000000E+00    0.0000000000E+00
    0.4360000000E+03        15        10         0    0.3214659279E+04    0.0000000000E+00    0.0000000000E+00
    0.4370000000E+03        15        11         0    0.6424490662E+03    0.0000000000E+00    0.0000000000E+00
    0.4380000000E+03        15        12         0    0.1000000026E+11    0.0000000000E+00    0.0000000000E+00
    0.4390000000E+03        15        13         0    0.7529871330E+03    0.0000000000E+00    0.0000000000E+00
    0.4400000000E+03        15        14         0    0.2255296490E+04    0.0000000000E+00    0.0000000000E+00
    0.4410000000E+03        15        15         0    0.1000000345E+11    0.0000000000E+00    0.0000000000E+00
    0.4420000000E+03        15        16         0    0.5067047234E+04    0.0000000000E+00    0.0000000000E+00
    0.4430000000E+03        15        17         0    0.1000000421E+11    0.0000000000E+00    0.0000000000E+00
    0.4440000000E+03        15        18         0    0.5214442352E+04    0.0000000000E+00    0.0000000000E+00
    0.4450000000E+03        15        19         0    0.5161147789E+04    0.0000000000E+00    0.0000000000E+00
    0.4460000000E+03        15        20         0    0.4194626350E+04    0.0000000000E+00    0.0000000000E+00
    0.4470000000E+03        15        21         0    0.9289197922E+03    0.0000000000E+00    0.0000000000E+00
    0.4480000000E+03        15        22         0    0.8890621262E+03    0.0000000000E+00    0.0000000000E+00
    0.4490000000E+03        15        23         0    0.9697354279E+03    0.0000000000E+00    0.0000000000E+00
    0.4500000000E+03        15        24         0    0.1000000364E+11    0.0000000000E+00    0.0000000000E+00
    0.4510000000E+03        15        25         0    0.4820654259E+04    0.0000000000E+00    0.0000000000E+00
    0.4520000000E+03        15        26         0    0.4351662506E+04    0.0000000000E+00    0.0000000000E+00
    0.4530000000E+03        15        27         0    0.6496096924E+04    0.0000000000E+00    0.0000000000E+00
    0.4540000000E+03        15        28         0    0.8166613480E+04    0.0000000000E+00    0.0000000000E+00
    0.4550000000E+03        15        29         0    0.1000000813E+11    0.0000000000E+00    0.0000000000E+00
    0.4560000000E+03        15        30         0    0.6609617393E+04    0.0000000000E+00    0.0000000000E+00
    0.4570000000E+03        15        31         0    0.1000000394E+11    0.0000000000E+00    0.0000000000E+00
    0.4580000000E+03        16         1         0    0.3891175034E+04    0.0000000000E+00    0.0000000000E+00
    0.4590000000E+03        16         2         0    0.3120646435E+04    0.0000000000E+00    0.0000000000E+00
    0.4600000000E+03        16         3         0    0.2638633827E+04    0.0000000000E+00    0.0000000000E+00
    0.4610000000E+03        16         4         0    0.2858072021E+04    0.0000000000E+00    0.0000000000E+00
    0.4620000000E+03        16         5         0    0.1568877314E+04    0.0000000000E+00    0.0000000000E+00
    0.4630000000E+03        16         6         0    0.1000000162E+11    0.0000000000E+00    0.0000000000E+00
    0.4640000000E+03        16         7         0    0.2080473850E+04    0.0000000000E+00    0.0000000000E+00
    0.4650000000E+03        16         8         0    0.2519457890E+04    0.0000000000E+00    0.0000000000E+00
    0.4660000000E+03        16         9         0    0.1122321297E+04    0.0000000000E+00    0.0000000000E+00
    0.4670000000E+03        16        10         0    0.1040364792E+04    0.0000000000E+00    0.0000000000E+00
    0.4680000000E+03        16        11         0    0.7216514378E+03    0.0000000000E+00    0.0000000000E+00
    0.4690000000E+03        16        12         0    0.2132566263E+04    0.0000000000E+00    0.0000000000E+00
    0.4700000000E+03        16        13         0    0.4863619492E+04    0.0000000000E+00    0.0000000000E+00
    0.4710000000E+03        16        14         0    0.6242429298E+04    0.0000000000E+00    0.0000000000E+00
    0.4720000000E+03        16        15         0    0.6606298462E+04    0.0000000000E+00    0.0000000000E+00
    0.4730000000E+03        16        16         0    0.1000000756E+11    0.0000000000E+00    0.0000000000E+00
    0.4740000000E+03        16        17         0    0.1000000799E+11    0.0000000000E+00    0.0000000000E+00
    0.4750000000E+03        16        18         0    0.8925957077E+04    0.0000000000E+00    0.0000000000E+00
    0.4760000000E+03        16        19         0    0.1000000986E+11    0.0000000000E+00    0.0000000000E+00
    0.4770000000E+03        16        20         0    0.1034738864E+05    0.0000000000E+00    0.0000000000E+00
    0.4780000000E+03        16        21         0    0.1000000959E+11    0.0000000000E+00    0.0000000000E+00
    0.4790000000E+03        16        22         0    0.1016826013E+05    0.0000000000E+00    0.0000000000E+00
    0.4800000000E+03        16        23         0    0.9093383087E+04    0.0000000000E+00    0.0000000000E+00
    0.4810000000E+03        16        24         0    0.9573796249E+04    0.0000000000E+00    0.0000000000E+00
    0.4820000000E+03        16        25         0    0.9629633774E+04    0.0000000000E+00    0.0000000000E+00
    0.4830000000E+03        16        26         0    0.9964696518E+04    0.0000000000E+00    0.0000000000E+00
    0.4840000000E+03        16        27         0    0.1109490849E+05    0.0000000000E+00    0.0000000000E+00
    0.4850000000E+03        16        28         0    0.1000001240E+11    0.0000000000E+00    0.0000000000E+00
    0.4860000000E+03        16        29         0    0.1268108623E+05    0.0000000000E+00    0.0000000000E+00
    0.4870000000E+03        16        30         0    0.1435381079E+05    0.0000000000E+00    0.0000000000E+00
    0.4880000000E+03        16        31         0    0.1519977621E+05    0.0000000000E+00    0.0000000000E+00
    0.4890000000E+03        17         1         0    0.1000001843E+11    0.0000000000E+00    0.0000000000E+00
    0.4900000000E+03        17         2         0    0.1000002014E+11    0.0000000000E+00    0.0000000000E+00
    0.4910000000E+03        17         3         0    0.1814532788E+05    0.0000000000E+00    0.0000000000E+00
    0.4920000000E+03        17         4         0    0.9780077896E+04    0.0000000000E+00    0.0000000000E+00
    0.4930000000E+03        17         5         0    0.5280766912E+04    0.0000000000E+00    0.0000000000E+00
    0.4940000000E+03        17         6         0    0.5713621017E+04    0.0000000000E+00    0.0000000000E+00
    0.4950000000E+03        17         7         0    0.1000001395E+11    0.0000000000E+00    0.0000000000E+00
    0.4960000000E+03        17         8         0    0.1593805775E+05    0.0000000000E+00    0.0000000000E+00
    0.4970000000E+03        17         9         0    0.1000001773E+11    0.0000000000E+00    0.0000000000E+00
    0.4980000000E+03        17        10         0    0.1986764044E+05    0.0000000000E+00    0.0000000000E+00
    0.4990000000E+03        17        11         0    0.2227254071E+05    0.0000000000E+00    0.0000000000E+00
    0.5000000000E+03        17        12         0    0.2461434442E+05    0.0000000000E+00    0.0000000000E+00
    0.5010000000E+03        17        13         0    0.1000001360E+11    0.0000000000E+00    0.0000000000E+00
    0.5020000000E+03        17        14         0    0.6211095833E+04    0.0000000000E+00    0.0000000000E+00
    0.5030000000E+03        17        15         0    0.4186799728E+04    0.0000000000E+00    0.0000000000E+00
    0.5040000000E+03        17        16         0    0.2935656639E+04    0.0000000000E+00    0.0000000000E+00
    0.5050000000E+03        17        17         0    0.1000000342E+11    0.0000000000E+00    0.0000000000E+00
    0.5060000000E+03        17        18         0    0.4485204078E+04    0.0000000000E+00    0.0000000000E+00
    0.5070000000E+03        17        19         0    0.1000000157E+11    0.0000000000E+00    0.0000000000E+00
    0.5080000000E+03        17        20         0    0.2000000349E+11    0.0000000000E+00    0.0000000000E+00
    0.5090000000E+03        17        21         0    0.1000001000E+11    0.0000000000E+00    0.0000000000E+00
    0.5100000000E+03        17        22         0    0.1096156831E+05    0.0000000000E+00    0.0000000000E+00
    0.5110000000E+03        17        23         0    0.1000000909E+11    0.0000000000E+00    0.0000000000E+00
    0.5120000000E+03        17        24         0    0.1000000973E+11    0.0000000000E+00    0.0000000000E+00
    0.5130000000E+03        17        25         0    0.5577585907E+04    0.0000000000E+00    0.0000000000E+00
    0.5140000000E+03        17        26         0    0.3271414154E+04    0.0000000000E+00    0.0000000000E+00
    0.5150000000E+03        17        27         0    0.3304425278E+04    0.0000000000E+00    0.0000000000E+00
    0.5160000000E+03        17        28         0    0.2000000449E+11    0.0000000000E+00    0.0000000000E+00
    0.5170000000E+03        17        29         0    0.1000000298E+11    0.0000000000E+00    0.0000000000E+00
    0.5180000000E+03        18         1         0    0.1242821892E+04    0.0000000000E+00    0.0000000000E+00
    0.5190000000E+03        18         2         0    0.5648488007E+03    0.0000000000E+00    0.0000000000E+00
    0.5200000000E+03        18         3         0    0.6012143135E+03    0.0000000000E+00    0.0000000000E+00
    0.5210000000E+03        18         4         0    0.1401182053E+04    0.0000000000E+00    0.0000000000E+00
    0.5220000000E+03        18         5         0    0.1000000772E+11    0.0000000000E+00    0.0000000000E+00
    0.5230000000E+03        18         6         0    0.4000000826E+11    0.0000000000E+00    0.0000000000E+00
    0.5240000000E+03        18         7         0    0.2000000951E+11    0.0000000000E+00    0.0000000000E+00
    0.5250000000E+03        18         8         0    0.2000001022E+11    0.0000000000E+00    0.0000000000E+00
    0.5260000000E+03        18         9         0    0.1226416022E+05    0.0000000000E+00    0.0000000000E+00
    0.5270000000E+03        18        10         0    0.3000000790E+11    0.0000000000E+00    0.0000000000E+00
    0.5280000000E+03        18        11         0    0.1566651620E+05    0.0000000000E+00    0.0000000000E+00
    0.5290000000E+03        18        12         0    0.2000001973E+11    0.0000000000E+00    0.0000000000E+00
    0.5300000000E+03        18        13         0    0.1000001993E+11    0.0000000000E+00    0.0000000000E+00
    0.5310000000E+03        18        14         0    0.2000001576E+11    0.0000000000E+00    0.0000000000E+00
    0.5320000000E+03        18        15         0    0.1000002630E+11    0.0000000000E+00    0.0000000000E+00
    0.5330000000E+03        18        16         0    0.2000003415E+11    0.0000000000E+00    0.0000000000E+00
    0.5340000000E+03        18        17         0    0.4396999658E+05    0.0000000000E+00    0.0000000000E+00
    0.5350000000E+03        18        18         0    0.4000001142E+11    0.0000000000E+00    0.0000000000E+00
    0.5360000000E+03        18        19         0    0.1319524493E+05    0.0000000000E+00    0.0000000000E+00
    0.5370000000E+03        18        20         0    0.1000003101E+11    0.0000000000E+00    0.0000000000E+00
    0.5380000000E+03        18        21         0    0.2000003738E+11    0.0000000000E+00    0.0000000000E+00
    0.5390000000E+03        18        22         0    0.4882312415E+05    0.0000000000E+00    0.0000000000E+00
    0.5400000000E+03        18        23         0    0.1000003989E+11    0.0000000000E+00    0.0000000000E+00
    0.5410000000E+03        18        24         0    0.3138990681E+05    0.0000000000E+00    0.0000000000E+00
    0.5420000000E+03        18        25         0    0.2793953410E+05    0.0000000000E+00    0.0000000000E+00
    0.5430000000E+03        18        26         0    0.4218836145E+05    0.1250328809E+05    0.0000000000E+00
    0.5440000000E+03        18        27         0    0.1000003110E+11    0.0000000000E+00    0.0000000000E+00
    0.5450000000E+03        18        28         0    0.4098013782E+05    0.0000000000E+00    0.0000000000E+00
    0.5460000000E+03        18        29         0    0.3000004320E+11    0.0000000000E+00    0.0000000000E+00
    0.5470000000E+03        18        30         0    0.2000004943E+11    0.0000000000E+00    0.0000000000E+00
    0.5480000000E+03        18        31         0    0.1000004395E+11    0.0000000000E+00    0.0000000000E+00
    0.5490000000E+03        19         1         0    0.2000003011E+11    0.0000000000E+00    0.0000000000E+00
    0.5500000000E+03        19         2         0    0.4123175458E+05    0.0000000000E+00    0.0000000000E+00
    0.5510000000E+03        19         3         0    0.3833464554E+05    0.0000000000E+00    0.0000000000E+00
    0.5520000000E+03        19         4         0    0.1000003456E+11    0.0000000000E+00    0.0000000000E+00
    0.5530000000E+03        19         5         0    0.1000003591E+11    0.0000000000E+00    0.0000000000E+00
    0.5540000000E+03        19         6         0    0.3010323154E+05    0.0000000000E+00    0.0000000000E+00
    0.5550000000E+03        19         7         0    0.4000000432E+11    0.0000000000E+00    0.0000000000E+00
    0.5560000000E+03        19         8         0    0.1000000253E+11    0.0000000000E+00    0.0000000000E+00
    0.5570000000E+03        19         9         0    0.2000000631E+11    0.0000000000E+00    0.0000000000E+00
    0.5580000000E+03        19        10         0    0.3000000498E+11    0.0000000000E+00    0.0000000000E+00
    0.5590000000E+03        19        11         0    0.1810940338E+04    0.0000000000E+00    0.0000000000E+00
    0.5600000000E+03        19        12         0    0.3000000093E+11    0.0000000000E+00    0.0000000000E+00
    0.5610000000E+03        19        13         0    0.3000001129E+11    0.0000000000E+00    0.0000000000E+00
    0.5620000000E+03        19        14         0    0.2000001836E+11    0.0000000000E+00    0.0000000000E+00
    0.5630000000E+03        19        15         0    0.3000002141E+11    0.0000000000E+00    0.0000000000E+00
    0.5640000000E+03        19        16         0    0.2276578729E+05    0.0000000000E+00    0.0000000000E+00
    0.5650000000E+03        19        17         0    0.3071192526E+05    0.0000000000E+00    0.0000000000E+00
    0.5660000000E+03        19        18         0    0.3000003460E+11    0.0000000000E+00    0.0000000000E+00
    0.5670000000E+03        19        19         0    0.2000003236E+11    0.0000000000E+00    0.0000000000E+00
    0.5680000000E+03        19        20         0    0.2000006066E+11    0.0000000000E+00    0.0000000000E+00
    0.5690000000E+03        19        21         0    0.5815704980E+05    0.0000000000E+00    0.0000000000E+00
    0.5700000000E+03        19        22         0    0.1000005483E+11    0.0000000000E+00    0.0000000000E+00
    0.5710000000E+03        19        23         0    0.5000002922E+11    0.0000000000E+00    0.0000000000E+00
    0.5720000000E+03        19        24         0    0.2000006586E+11    0.0000000000E+00    0.0000000000E+00
    0.5730000000E+03        19        25         0    0.3000004960E+11    0.0000000000E+00    0.0000000000E+00
    0.5740000000E+03        19        26         0    0.3000004882E+11    0.0000000000E+00    0.0000000000E+00
    0.5750000000E+03        19        27         0    0.1000006320E+11    0.0000000000E+00    0.0000000000E+00
    0.5760000000E+03        19        28         0    0.7051221326E+05    0.0000000000E+00    0.0000000000E+00
    0.5770000000E+03        19        29         0    0.2000005721E+11    0.0000000000E+00    0.0000000000E+00
    0.5780000000E+03        19        30         0    0.2000007923E+11    0.0000000000E+00    0.0000000000E+00
    0.5790000000E+03        20         1         0    0.8000088491E+11    0.4442271719E+06    0.0000000000E+00
    0.5800000000E+03        20         2         0    0.8000026923E+11    0.5747529907E+03    0.0000000000E+00
    0.5810000000E+03        20         3         0    0.7060240583E+11    0.2253097087E+07    0.0000000000E+00
    0.5820000000E+03        20         4         0    0.8000059505E+11    0.3214231562E+06    0.0000000000E+00
    0.5830000000E+03        20         5         0    0.1000004120E+12    0.4538567200E+03    0.0000000000E+00
    0.5840000000E+03        20         6         0    0.1256918584E+12    0.1630074875E+07    0.0000000000E+00
    0.5850000000E+03        20         7         0    0.9000034279E+11    0.0000000000E+00    0.0000000000E+00
    0.5860000000E+03        20         8         0    0.1902209837E+12    0.1261511750E+07    0.0000000000E+00
    0.5870000000E+03        20         9         0    0.8000028182E+11    0.0000000000E+00    0.0000000000E+00
    0.5880000000E+03        20        10         0    0.6000033222E+11    0.4219728252E+03    0.0000000000E+00
    0.5890000000E+03        20        11         0    0.8391823658E+11    0.1256466431E+06    0.0000000000E+00
    0.5900000000E+03        20        12         0    0.1100004337E+12    0.7347445068E+03    0.0000000000E+00
    0.5910000000E+03        20        13         0    0.8000068378E+11    0.3003584900E+04    0.0000000000E+00
    0.5920000000E+03        20        14         0    0.1204870419E+12    0.2142275722E+07    0.0000000000E+00
    0.5930000000E+03        20        15         0    0.1400003658E+12    0.1971073486E+04    0.0000000000E+00
    0.5940000000E+03        20        16         0    0.1000004084E+12    0.2315991516E+04    0.0000000000E+00
    0.5950000000E+03        20        17         0    0.8026228298E+11    0.1618102636E+07    0.0000000000E+00
    0.5960000000E+03        20        18         0    0.1000011360E+12    0.1387882202E+04    0.0000000000E+00
    0.5970000000E+03        20        19         0    0.6118864191E+11    0.1920918500E+07    0.0000000000E+00
    0.5980000000E+03        20        20         0    0.5000138414E+11    0.0000000000E+00    0.0000000000E+00
    0.5990000000E+03        20        21         0    0.4034505130E+11    0.1265104103E+07    0.0000000000E+00
    0.6000000000E+03        20        22         0    0.6000138357E+11    0.0000000000E+00    0.0000000000E+00
    0.6010000000E+03        20        23         0    0.7000042018E+11    0.5070171814E+03    0.0000000000E+00
    0.6020000000E+03        20        24         0    0.9026964962E+11    0.1594606875E+07    0.0000000000E+00
    0.6030000000E+03        20        25         0    0.7000047989E+11    0.0000000000E+00    0.0000000000E+00
    0.6040000000E+03        20        26         0    0.5023383269E+11    0.1266257625E+07    0.0000000000E+00
    0.6050000000E+03        20        27         0    0.6000053881E+11    0.0000000000E+00    0.0000000000E+00
    0.6060000000E+03        20        28         0    0.4028955618E+11    0.1271605500E+07    0.0000000000E+00
    0.6070000000E+03        20        29         0    0.2000049958E+11    0.0000000000E+00    0.0000000000E+00
    0.6080000000E+03        20        30         0    0.4034250054E+11    0.1275078652E+07    0.0000000000E+00
    0.6090000000E+03        20        31         0    0.5000051965E+11    0.4612849426E+03    0.0000000000E+00
    0.6100000000E+03        21         1         0    0.4000047455E+11    0.6716993473E+03    0.0000000000E+00
    0.6110000000E+03        21         2         0    0.7000047664E+11    0.6983871895E+03    0.0000000000E+00
    0.6120000000E+03        21         3         0    0.8095445804E+11    0.1831263001E+07    0.0000000000E+00
    0.6130000000E+03        21         4         0    0.5000052183E+11    0.3289937042E-02    0.0000000000E+00
    0.6140000000E+03        21         5         0    0.8052042735E+11    0.1253377905E+07    0.0000000000E+00
    0.6150000000E+03        21         6         0    0.1000052287E+11    0.1168330479E-01    0.0000000000E+00
    0.6160000000E+03        21         7         0    0.5000042832E+11    0.2619339056E+05    0.0000000000E+00
    0.6170000000E+03        21         8         0    0.1030576535E+12    0.1593237029E+07    0.0000000000E+00
    0.6180000000E+03        21         9         0    0.4000043264E+11    0.1578441162E+04    0.0000000000E+00
    0.6190000000E+03        21        10         0    0.6121217220E+11    0.1898386438E+07    0.0000000000E+00
    0.6200000000E+03        21        11         0    0.3000047599E+11    0.0000000000E+00    0.0000000000E+00
    0.6210000000E+03        21        12         0    0.4336477875E+11    0.8080556030E+03    0.0000000000E+00
    0.6220000000E+03        21        13         0    0.8000063347E+11    0.9899557495E+03    0.0000000000E+00
    0.6230000000E+03        21        14         0    0.5077129961E+11    0.1769075000E+07    0.0000000000E+00
    0.6240000000E+03        21        15         0    0.6000078724E+11    0.0000000000E+00    0.0000000000E+00
    0.6250000000E+03        21        16         0    0.3000089901E+11    0.1922225342E+04    0.0000000000E+00
    0.6260000000E+03        21        17         0    0.5617372007E+11    0.1527040500E+07    0.0000000000E+00
    0.6270000000E+03        21        18         0    0.3000276307E+11    0.0000000000E+00    0.0000000000E+00
    0.6280000000E+03        21        19         0    0.3000061393E+11    0.2826192322E+03    0.0000000000E+00
    0.6290000000E+03        21        20         0    0.2301789015E+11    0.1053793875E+07    0.0000000000E+00
    0.6300000000E+03        21        21         0    0.2000060412E+11    0.0000000000E+00    0.0000000000E+00
    0.6310000000E+03        21        22         0    0.7000069513E+11    0.9398096313E+03    0.0000000000E+00
    0.6320000000E+03        21        23         0    0.9000069343E+11    0.1326768375E+07    0.0000000000E+00
    0.6330000000E+03        21        24         0    0.6000096293E+11    0.0000000000E+00    0.0000000000E+00
    0.6340000000E+03        21        25         0    0.7000098576E+11    0.2865626526E+02    0.0000000000E+00
    0.6350000000E+03        21        26         0    0.6600424383E+11    0.7507075625E+06    0.0000000000E+00
    0.6360000000E+03        21        27         0    0.4000099914E+11    0.0000000000E+00    0.0000000000E+00
    0.6370000000E+03        21        28         0    0.5000095310E+11    0.6464563751E+02    0.0000000000E+00
    0.6380000000E+03        21        29         0    0.8000072350E+11    0.8680567932E+02    0.0000000000E+00
    0.6390000000E+03        21        30         0    0.3198271630E+11    0.8082056250E+06    0.0000000000E+00
    0.6400000000E+03        22         1         0    0.3000061306E+11    0.0000000000E+00    0.0000000000E+00
    0.6410000000E+03        22         2         0    0.7059292261E+11    0.8089829375E+06    0.0000000000E+00
    0.6420000000E+03        22         3         0    0.4000061703E+11    0.0000000000E+00    0.0000000000E+00
    0.6430000000E+03        22         4         0    0.4000071907E+11    0.3634839172E+03    0.0000000000E+00
    0.6440000000E+03        22         5         0    0.4000076782E+11    0.1280596191E+04    0.0000000000E+00
    0.6450000000E+03        22         6         0    0.3000084254E+11    0.1763858887E+04    0.0000000000E+00
    0.6460000000E+03        22         7         0    0.3000086321E+11    0.1764048462E+04    0.0000000000E+00
    0.6470000000E+03        22         8         0    0.5293270662E+11    0.1773484375E+07    0.0000000000E+00
    0.6480000000E+03        22         9         0    0.2000091035E+11    0.4372840625E+05    0.0000000000E+00
    0.6490000000E+03        22        10         0    0.6207189798E+11    0.1233799125E+07    0.0000000000E+00
    0.6500000000E+03        22        11         0    0.4000075085E+11    0.0000000000E+00    0.0000000000E+00
    0.6510000000E+03        22        12         0    0.6172362149E+11    0.1174851250E+07    0.0000000000E+00
    0.6520000000E+03        22        13         0    0.3000087038E+11    0.0000000000E+00    0.0000000000E+00
    0.6530000000E+03        22        14         0    0.7300383025E+11    0.1167355250E+07    0.0000000000E+00
    0.6540000000E+03        22        15         0    0.2000068609E+11    0.0000000000E+00    0.0000000000E+00
    0.6550000000E+03        22        16         0    0.4000062973E+11    0.7865882568E+03    0.0000000000E+00
    0.6560000000E+03        22        17         0    0.4000065200E+11    0.8039511719E+03    0.0000000000E+00
    0.6570000000E+03        22        18         0    0.2000070604E+11    0.3549050293E+04    0.0000000000E+00
    0.6580000000E+03        22        19         0    0.4173149577E+11    0.1946161108E+07    0.0000000000E+00
    0.6590000000E+03        22        20         0    0.5000079652E+11    0.2692427719E-02    0.0000000000E+00
    0.6600000000E+03        22        21         0    0.5181724686E+11    0.1191431891E+07    0.0000000000E+00
    0.6610000000E+03        22        22         0    0.2000085145E+11    0.1186936721E+00    0.0000000000E+00
    0.6620000000E+03        22        23         0    0.4285202365E+11    0.1120464625E+07    0.0000000000E+00
    0.6630000000E+03        22        24         0    0.8421324445E+06    0.2795715809E+01    0.0000000000E+00
    0.6640000000E+03        22        25         0    0.3079222954E+11    0.1243052688E+07    0.0000000000E+00
    0.6650000000E+03        22        26         0    0.2000085049E+11    0.3130521851E+03    0.0000000000E+00
    0.6660000000E+03        22        27         0    0.2164115323E+11    0.1352558062E+07    0.0000000000E+00
    0.6670000000E+03        22        28         0    0.2000074381E+11    0.0000000000E+00    0.0000000000E+00
    0.6680000000E+03        22        29         0    0.2000109510E+11    0.6135048828E+03    0.0000000000E+00
    0.6690000000E+03        22        30         0    0.3000182799E+11    0.7027625122E+03    0.0000000000E+00
    0.6700000000E+03        22        31         0    0.3069011148E+11    0.1542975500E+07    0.0000000000E+00
    0.6710000000E+03        23         1         0    0.3000045974E+11    0.0000000000E+00    0.0000000000E+00
    0.6720000000E+03        23         2         0    0.2000050340E+11    0.2783188820E+02    0.0000000000E+00
    0.6730000000E+03        23         3         0    0.3079141688E+11    0.7499300000E+06    0.0000000000E+00
    0.6740000000E+03        23         4         0    0.1000052699E+11    0.0000000000E+00    0.0000000000E+00
    0.6750000000E+03        23         5         0    0.3000055563E+11    0.7551166534E+01    0.0000000000E+00
    0.6760000000E+03        23         6         0    0.2000056527E+11    0.1075422525E+01    0.0000000000E+00
    0.6770000000E+03        23         7         0    0.3000058129E+11    0.1232855678E+01    0.0000000000E+00
    0.6780000000E+03        23         8         0    0.3000065612E+11    0.2490846634E+01    0.0000000000E+00
    0.6790000000E+03        23         9         0    0.8645650739E+11    0.6404955000E+06    0.0000000000E+00
    0.6800000000E+03        23        10         0    0.3000351056E+11    0.0000000000E+00    0.0000000000E+00
    0.6810000000E+03        23        11         0    0.1091311628E+11    0.4687433750E+06    0.0000000000E+00
    0.6820000000E+03        23        12         0    0.1000056041E+11    0.0000000000E+00    0.0000000000E+00
    0.6830000000E+03        23        13         0    0.4000050153E+11    0.1671925306E+01    0.0000000000E+00
    0.6840000000E+03        23        14         0    0.2000022200E+11    0.0000000000E+00    0.0000000000E+00
    0.6850000000E+03        23        15         0    0.3000011104E+11    0.0000000000E+00    0.0000000000E+00
    0.6860000000E+03        23        16         0    0.6000021042E+11    0.0000000000E+00    0.0000000000E+00
    0.6870000000E+03        23        17         0    0.6000015778E+11    0.0000000000E+00    0.0000000000E+00
    0.6880000000E+03        23        18         0    0.1033951345E+06    0.0000000000E+00    0.0000000000E+00
    0.6890000000E+03        23        19         0    0.1100002093E+12    0.0000000000E+00    0.0000000000E+00
    0.6900000000E+03        23        20         0    0.1103086666E+12    0.5654424375E+06    0.0000000000E+00
    0.6910000000E+03        23        21         0    0.8000037503E+11    0.0000000000E+00    0.0000000000E+00
    0.6920000000E+03        23        22         0    0.7000028261E+11    0.0000000000E+00    0.0000000000E+00
    0.6930000000E+03        23        23         0    0.9015146504E+11    0.6117791250E+06    0.0000000000E+00
    0.6940000000E+03        23        24         0    0.6001485836E+11    0.0000000000E+00    0.0000000000E+00
    0.6950000000E+03        23        25         0    0.7000046211E+11    0.5739973450E+02    0.0000000000E+00
    0.6960000000E+03        23        26         0    0.3153450870E+11    0.8571704375E+06    0.0000000000E+00
    0.6970000000E+03        23        27         0    0.6000104720E+11    0.7141322754E+04    0.0000000000E+00
    0.6980000000E+03        23        28         0    0.4060742004E+11    0.1106667359E+07    0.0000000000E+00
    0.6990000000E+03        23        29         0    0.7000046280E+11    0.0000000000E+00    0.0000000000E+00
    0.7000000000E+03        23        30         0    0.5154592637E+11    0.9763545959E+06    0.0000000000E+00
    0.7010000000E+03        23        31         0    0.5000054849E+11    0.1739118530E+04    0.0000000000E+00
    0.7020000000E+03        24         1         0    0.7000052221E+11    0.4971224976E+03    0.0000000000E+00
    0.7030000000E+03        24         2         0    0.6000116922E+11    0.5207304688E+03    0.0000000000E+00
    0.7040000000E+03        24         3         0    0.3000045830E+11    0.4814452209E+03    0.0000000000E+00
    0.7050000000E+03        24         4         0    0.5000041485E+11    0.4471910400E+03    0.0000000000E+00
    0.7060000000E+03        24         5         0    0.4000043343E+11    0.4580605164E+03    0.0000000000E+00
    0.7070000000E+03        24         6         0    0.7000036678E+11    0.7392749023E+03    0.0000000000E+00
    0.7080000000E+03        24         7         0    0.3162517650E+11    0.2193649750E+07    0.0000000000E+00
    0.7090000000E+03        24         8         0    0.4000056359E+11    0.0000000000E+00    0.0000000000E+00
    0.7100000000E+03        24         9         0    0.6032942705E+11    0.1119902750E+07    0.0000000000E+00
    0.7110000000E+03        24        10         0    0.2000060749E+11    0.0000000000E+00    0.0000000000E+00
    0.7120000000E+03        24        11         0    0.6000283807E+11    0.7534528255E+01    0.0000000000E+00
    0.7130000000E+03        24        12         0    0.4013687073E+11    0.7227550000E+06    0.0000000000E+00
    0.7140000000E+03        24        13         0    0.5000042577E+11    0.0000000000E+00    0.0000000000E+00
    0.7150000000E+03        24        14         0    0.2050291851E+11    0.7809398750E+06    0.0000000000E+00
    0.7160000000E+03        24        15         0    0.8000036298E+11    0.0000000000E+00    0.0000000000E+00
    0.7170000000E+03        24        16         0    0.4000035048E+11    0.6619913483E+02    0.0000000000E+00
    0.7180000000E+03        24        17         0    0.2015104555E+11    0.8583315625E+06    0.0000000000E+00
    0.7190000000E+03        24        18         0    0.3000043244E+11    0.0000000000E+00    0.0000000000E+00
    0.7200000000E+03        24        19         0    0.6000033195E+11    0.2286425018E+03    0.0000000000E+00
    0.7210000000E+03        24        20         0    0.3086995263E+11    0.1217495500E+07    0.0000000000E+00
    0.7220000000E+03        24        21         0    0.3000071712E+11    0.0000000000E+00    0.0000000000E+00
    0.7230000000E+03        24        22         0    0.4000039179E+11    0.3802733459E+03    0.0000000000E+00
    0.7240000000E+03        24        23         0    0.4244089859E+06    0.3696235352E+03    0.0000000000E+00
    0.7250000000E+03        24        24         0    0.5015008248E+11    0.1732221000E+07    0.0000000000E+00
    0.7260000000E+03        24        25         0    0.3389775130E+06    0.0000000000E+00    0.0000000000E+00
    0.7270000000E+03        24        26         0    0.3000025188E+11    0.2167226410E+03    0.0000000000E+00
    0.7280000000E+03        24        27         0    0.2000012507E+11    0.0000000000E+00    0.0000000000E+00
    0.7290000000E+03        24        28         0    0.1000011487E+11    0.0000000000E+00    0.0000000000E+00
    0.7300000000E+03        24        29         0    0.5000021682E+11    0.0000000000E+00    0.0000000000E+00
    0.7310000000E+03        24        30         0    0.5001022288E+11    0.1844870750E+07    0.0000000000E+00
    0.7320000000E+03        25         1         0    0.1000006899E+11    0.0000000000E+00    0.0000000000E+00
    0.7330000000E+03        25         2         0    0.4381084960E+05    0.0000000000E+00    0.0000000000E+00
    0.7340000000E+03        25         3         0    0.1000006523E+11    0.0000000000E+00    0.0000000000E+00
    0.7350000000E+03        25         4         0    0.1000008388E+11    0.0000000000E+00    0.0000000000E+00
    0.7360000000E+03        25         5         0    0.1000009652E+11    0.0000000000E+00    0.0000000000E+00
    0.7370000000E+03        25         6         0    0.1000010649E+11    0.0000000000E+00    0.0000000000E+00
    0.7380000000E+03        25         7         0    0.1000010462E+11    0.0000000000E+00    0.0000000000E+00
    0.7390000000E+03        25         8         0    0.2000009553E+11    0.0000000000E+00    0.0000000000E+00
    0.7400000000E+03        25         9         0    0.1099676357E+06    0.0000000000E+00    0.0000000000E+00
    0.7410000000E+03        25        10         0    0.2000008841E+11    0.0000000000E+00    0.0000000000E+00
    0.7420000000E+03        25        11         0    0.1015095627E+06    0.0000000000E+00    0.0000000000E+00
    0.7430000000E+03        25        12         0    0.2000010059E+11    0.0000000000E+00    0.0000000000E+00
    0.7440000000E+03        25        13         0    0.3000008470E+11    0.0000000000E+00    0.0000000000E+00
    0.7450000000E+03        25        14         0    0.1023236772E+06    0.0000000000E+00    0.0000000000E+00
    0.7460000000E+03        25        15         0    0.1000008280E+11    0.0000000000E+00    0.0000000000E+00
    0.7470000000E+03        25        16         0    0.1022785658E+06    0.0000000000E+00    0.0000000000E+00
    0.7480000000E+03        25        17         0    0.1000009376E+11    0.0000000000E+00    0.0000000000E+00
    0.7490000000E+03        25        18         0    0.8839340845E+05    0.0000000000E+00    0.0000000000E+00
    0.7500000000E+03        25        19         0    0.3217703115E+06    0.0000000000E+00    0.0000000000E+00
    0.7510000000E+03        25        20         0    0.8097013165E+05    0.0000000000E+00    0.0000000000E+00
    0.7520000000E+03        25        21         0    0.8343673718E+05    0.0000000000E+00    0.0000000000E+00
    0.7530000000E+03        25        22         0    0.1000006315E+11    0.0000000000E+00    0.0000000000E+00
    0.7540000000E+03        25        23         0    0.5571022852E+05    0.0000000000E+00    0.0000000000E+00
    0.7550000000E+03        25        24         0    0.5037069696E+05    0.0000000000E+00    0.0000000000E+00
    0.7560000000E+03        25        25         0    0.1000005775E+11    0.0000000000E+00    0.0000000000E+00
    0.7570000000E+03        25        26         0    0.7141288464E+05    0.0000000000E+00    0.0000000000E+00
    0.7580000000E+03        25        27         0    0.7606999377E+05    0.0000000000E+00    0.0000000000E+00
    0.7590000000E+03        25        28         0    0.6636479205E+05    0.0000000000E+00    0.0000000000E+00
    0.7600000000E+03        25        29         0    0.1000004344E+11    0.0000000000E+00    0.0000000000E+00
    0.7610000000E+03        25        30         0    0.4684985614E+05    0.0000000000E+00    0.0000000000E+00
    0.7620000000E+03        25        31         0    0.6172096851E+05    0.0000000000E+00    0.0000000000E+00
    0.7630000000E+03        26         1         0    0.5469328558E+05    0.0000000000E+00    0.0000000000E+00
    0.7640000000E+03        26         2         0    0.1000005365E+11    0.0000000000E+00    0.0000000000E+00
    0.7650000000E+03        26         3         0    0.5594597723E+05    0.0000000000E+00    0.0000000000E+00
    0.7660000000E+03        26         4         0    0.1000005511E+11    0.0000000000E+00    0.0000000000E+00
    0.7670000000E+03        26         5         0    0.5781643396E+05    0.0000000000E+00    0.0000000000E+00
    0.7680000000E+03        26         6         0    0.2000004606E+11    0.0000000000E+00    0.0000000000E+00
    0.7690000000E+03        26         7         0    0.5371230963E+05    0.0000000000E+00    0.0000000000E+00
    0.7700000000E+03        26         8         0    0.4788829614E+05    0.0000000000E+00    0.0000000000E+00
    0.7710000000E+03        26         9         0    0.4914099280E+05    0.0000000000E+00    0.0000000000E+00
    0.7720000000E+03        26        10         0    0.3941099486E+05    0.0000000000E+00    0.0000000000E+00
    0.7730000000E+03        26        11         0    0.2091527261E+05    0.0000000000E+00    0.0000000000E+00
    0.7740000000E+03        26        12         0    0.1000001572E+11    0.0000000000E+00    0.0000000000E+00
    0.7750000000E+03        26        13         0    0.1336163503E+05    0.0000000000E+00    0.0000000000E+00
    0.7760000000E+03        26        14         0    0.3110202232E+04    0.0000000000E+00    0.0000000000E+00
    0.7770000000E+03        26        15         0    0.1000000322E+11    0.0000000000E+00    0.0000000000E+00
    0.7780000000E+03        26        16         0    0.1000000952E+11    0.0000000000E+00    0.0000000000E+00
    0.7790000000E+03        26        17         0    0.1000001386E+11    0.0000000000E+00    0.0000000000E+00
    0.7800000000E+03        26        18         0    0.1000001567E+11    0.0000000000E+00    0.0000000000E+00
    0.7810000000E+03        26        19         0    0.1000001241E+11    0.0000000000E+00    0.0000000000E+00
    0.7820000000E+03        26        20         0    0.1174630185E+05    0.0000000000E+00    0.0000000000E+00
    0.7830000000E+03        26        21         0    0.1165405022E+05    0.0000000000E+00    0.0000000000E+00
    0.7840000000E+03        26        22         0    0.9686982269E+04    0.0000000000E+00    0.0000000000E+00
    0.7850000000E+03        26        23         0    0.1000001128E+11    0.0000000000E+00    0.0000000000E+00
    0.7860000000E+03        26        24         0    0.1000000994E+11    0.0000000000E+00    0.0000000000E+00
    0.7870000000E+03        26        25         0    0.8501624336E+04    0.0000000000E+00    0.0000000000E+00
    0.7880000000E+03        26        26         0    0.9984921494E+04    0.0000000000E+00    0.0000000000E+00
    0.7890000000E+03        26        27         0    0.1000001167E+11    0.0000000000E+00    0.0000000000E+00
    0.7900000000E+03        26        28         0    0.1000001033E+11    0.0000000000E+00    0.0000000000E+00
    0.7910000000E+03        26        29         0    0.1081282239E+05    0.0000000000E+00    0.0000000000E+00
    0.7920000000E+03        26        30         0    0.1157473041E+05    0.0000000000E+00    0.0000000000E+00
    0.7930000000E+03        27         1         0    0.1531783871E+05    0.0000000000E+00    0.0000000000E+00
    0.7940000000E+03        27         2         0    0.1000001638E+11    0.0000000000E+00    0.0000000000E+00
    0.7950000000E+03        27         3         0    0.1688599655E+05    0.0000000000E+00    0.0000000000E+00
    0.7960000000E+03        27         4         0    0.1588604602E+05    0.0000000000E+00    0.0000000000E+00
    0.7970000000E+03        27         5         0    0.1000001976E+11    0.0000000000E+00    0.0000000000E+00
    0.7980000000E+03        27         6         0    0.1926097464E+05    0.0000000000E+00    0.0000000000E+00
    0.7990000000E+03        27         7         0    0.1811940637E+05    0.0000000000E+00    0.0000000000E+00
    0.8000000000E+03        27         8         0    0.1000001652E+11    0.0000000000E+00    0.0000000000E+00
    0.8010000000E+03        27         9         0    0.1000001775E+11    0.0000000000E+00    0.0000000000E+00
    0.8020000000E+03        27        10         0    0.1000001963E+11    0.0000000000E+00    0.0000000000E+00
    0.8030000000E+03        27        11         0    0.1000001762E+11    0.0000000000E+00    0.0000000000E+00
    0.8040000000E+03        27        12         0    0.1713347786E+05    0.0000000000E+00    0.0000000000E+00
    0.8050000000E+03        27        13         0    0.1588337350E+05    0.0000000000E+00    0.0000000000E+00
    0.8060000000E+03        27        14         0    0.1565918544E+05    0.0000000000E+00    0.0000000000E+00
    0.8070000000E+03        27        15         0    0.1805671841E+05    0.0000000000E+00    0.0000000000E+00
    0.8080000000E+03        27        16         0    0.1824035468E+05    0.0000000000E+00    0.0000000000E+00
    0.8090000000E+03        27        17         0    0.1692254483E+05    0.0000000000E+00    0.0000000000E+00
    0.8100000000E+03        27        18         0    0.1817843463E+05    0.0000000000E+00    0.0000000000E+00
    0.8110000000E+03        27        19         0    0.1771855899E+05    0.0000000000E+00    0.0000000000E+00
    0.8120000000E+03        27        20         0    0.1678719006E+05    0.0000000000E+00    0.0000000000E+00
    0.8130000000E+03        27        21         0    0.1000001439E+11    0.0000000000E+00    0.0000000000E+00
    0.8140000000E+03        27        22         0    0.1000001119E+11    0.0000000000E+00    0.0000000000E+00
    0.8150000000E+03        27        23         0    0.1405615881E+05    0.0000000000E+00    0.0000000000E+00
    0.8160000000E+03        27        24         0    0.1556489566E+05    0.0000000000E+00    0.0000000000E+00
    0.8170000000E+03        27        25         0    0.1560742697E+05    0.0000000000E+00    0.0000000000E+00
    0.8180000000E+03        27        26         0    0.1477248663E+05    0.0000000000E+00    0.0000000000E+00
    0.8190000000E+03        27        27         0    0.1637403946E+05    0.0000000000E+00    0.0000000000E+00
    0.8200000000E+03        27        28         0    0.1512085077E+05    0.0000000000E+00    0.0000000000E+00
    0.8210000000E+03        27        29         0    0.8379991074E+04    0.0000000000E+00    0.0000000000E+00
    0.8220000000E+03        27        30         0    0.1665783958E+04    0.0000000000E+00    0.0000000000E+00
    0.8230000000E+03        27        31         0    0.1810041512E+04    0.0000000000E+00    0.0000000000E+00
    0.8240000000E+03        28         1         0    0.1107015907E+04    0.0000000000E+00    0.0000000000E+00
    0.8250000000E+03        28         2         0    0.1139606514E+04    0.0000000000E+00    0.0000000000E+00
    0.8260000000E+03        28         3         0    0.8099604034E+03    0.0000000000E+00    0.0000000000E+00
    0.8270000000E+03        28         4         0    0.7945513725E+03    0.0000000000E+00    0.0000000000E+00
    0.8280000000E+03        28         5         0    0.5375131493E+03    0.0000000000E+00    0.0000000000E+00
    0.8290000000E+03        28         6         0    0.1915050104E+04    0.0000000000E+00    0.0000000000E+00
    0.8300000000E+03        28         7         0    0.4092878967E+04    0.0000000000E+00    0.0000000000E+00
    0.8310000000E+03        28         8         0    0.1000000372E+11    0.0000000000E+00    0.0000000000E+00
    0.8320000000E+03        28         9         0    0.3842062790E+04    0.0000000000E+00    0.0000000000E+00
    0.8330000000E+03        28        10         0    0.2000000382E+11    0.0000000000E+00    0.0000000000E+00
    0.8340000000E+03        28        11         0    0.1000000138E+11    0.0000000000E+00    0.0000000000E+00
    0.8350000000E+03        28        12         0    0.5755322304E+03    0.0000000000E+00    0.0000000000E+00
    0.8360000000E+03        28        13         0    0.4834720879E+03    0.0000000000E+00    0.0000000000E+00
